{
 "cells": [
  {
   "cell_type": "code",
   "execution_count": null,
   "metadata": {},
   "outputs": [],
   "source": []
  },
  {
   "cell_type": "code",
   "execution_count": 1,
   "metadata": {},
   "outputs": [],
   "source": [
    "import numpy as np"
   ]
  },
  {
   "cell_type": "markdown",
   "metadata": {},
   "source": [
    "#### Stage 1 : Huff model"
   ]
  },
  {
   "cell_type": "code",
   "execution_count": 15,
   "metadata": {},
   "outputs": [],
   "source": [
    "# compute the probability of customers living at place i visiting a branch at site j\n",
    "\n",
    "def P_ij(a, b, distance_ij, n):\n",
    "    '''\n",
    "    a: parameter that measures the relative attractiveness of branch j\n",
    "    b: parameter that governs the shape of the distance decay function\n",
    "    distance_ij: distance between customer i and branch j\n",
    "    n: number of branches of the bank\n",
    "    '''\n",
    "    numerator = a / (distance_ij ** b)\n",
    "    denominator = 0\n",
    "    for j in range(1, n + 1):\n",
    "        denominator += a / (distance_ij ** b)\n",
    "    return numerator / denominator\n"
   ]
  },
  {
   "cell_type": "markdown",
   "metadata": {},
   "source": [
    "#### Stage 2 : expected travel patterns"
   ]
  },
  {
   "cell_type": "code",
   "execution_count": null,
   "metadata": {},
   "outputs": [],
   "source": [
    "#compute the expected travel patterns\n",
    "\n",
    "def E_ij(a,b,distance_ij,n,consumers):\n",
    "    '''\n",
    "    consumers: number of consumers living at place i\n",
    "    '''\n",
    "    return consumers*P_ij(a,b,distance_ij,n)"
   ]
  },
  {
   "cell_type": "markdown",
   "metadata": {},
   "source": [
    "#### Stage 3 : expected patronage at each branch"
   ]
  },
  {
   "cell_type": "code",
   "execution_count": null,
   "metadata": {},
   "outputs": [],
   "source": [
    "# compute the total expected number of consumers within the region who are likely to patronize branch j\n",
    "\n",
    "def T_j(a,b,distance_ij,n,consumers):\n",
    "    total = 0\n",
    "    for i in range(1,len(consumers)+1):\n",
    "        total += E_ij(a,b,distance_ij,n,consumers[i-1])\n",
    "    return total"
   ]
  },
  {
   "cell_type": "markdown",
   "metadata": {},
   "source": [
    "## Application"
   ]
  },
  {
   "cell_type": "markdown",
   "metadata": {},
   "source": [
    "#### Stage 1"
   ]
  },
  {
   "cell_type": "code",
   "execution_count": null,
   "metadata": {},
   "outputs": [],
   "source": [
    "a=1"
   ]
  },
  {
   "cell_type": "code",
   "execution_count": 8,
   "metadata": {},
   "outputs": [],
   "source": [
    "# Define existing Orabank agency data\n",
    "agencies_orabank = [\n",
    "    {\"name\": \"Orabank Agence principale\", \"address\": \"Avenue Charles De Gaulle, N'Djamena, Chad\"},\n",
    "    {\"name\": \"Orabank Agence de Djambal Bahr\", \"address\": \"Avenue Charles de Gaulle, N'Djamena, Chad\"},\n",
    "    {\"name\": \"Orabank Agence Amriguébé\", \"address\": \"Boulevard François Tombalbaye, N'Djamena, Chad\"},\n",
    "    {\"name\": \"Orabank Agence V.I.P\", \"address\": \"Avenue Charles de Gaulle, N'Djamena, Chad\"},\n",
    "    {\"name\": \"Orabank Agence Abéché\", \"address\": \"Abéché, Chad\"},\n",
    "    {\"name\": \"Orabank Agence Moundou\", \"address\": \"Moundou, Chad\"},\n",
    "    {\"name\": \"Orabank Agence Sarh\", \"address\": \"Sarh, Chad\"},\n",
    "    {\"name\": \"Orabank Agence Am Timan\", \"address\": \"Am Timan, Chad\"},\n",
    "    {\"name\": \"Orabank Agence Pala\", \"address\": \"Pala, Chad\"},\n",
    "    {\"name\": \"Orabank Agence Mongo\", \"address\": \"Mongo, Chad\"}\n",
    "]\n",
    "\n",
    "# Define new Ecobank agency data\n",
    "agencies_ecobank = [\n",
    "    {\"name\": \"Ecobank Agence principale\", \"address\": \"Avenue Charles de Gaulle, N'Djamena, Chad\"},\n",
    "    {\"name\": \"Ecobank Agence Rue de 40m\", \"address\": \"Boulevard François Tombalbaye, N'Djamena, Chad\"},\n",
    "    {\"name\": \"Ecobank Agence Paris Congo\", \"address\": \"Avenue Charles de Gaulle, N'Djamena, Chad\"},\n",
    "    {\"name\": \"Ecobank Agence Goudji\", \"address\": \"Goudji, N'Djamena, Chad\"},\n",
    "    {\"name\": \"Ecobank Agence Chagoua\", \"address\": \"Chagoua, N'Djamena, Chad\"},\n",
    "    {\"name\": \"Ecobank Agence Moundou\", \"address\": \"Moundou, Chad\"},\n",
    "    {\"name\": \"Ecobank Agence Pala\", \"address\": \"Pala, Chad\"},\n",
    "    {\"name\": \"Ecobank Agence Sarh\", \"address\": \"Sarh, Chad\"},\n",
    "    {\"name\": \"Ecobank Agence Doba\", \"address\": \"Doba, Chad\"},\n",
    "    {\"name\": \"Ecobank Agence Abéché\", \"address\": \"Abéché, Chad\"},\n",
    "    {\"name\": \"Ecobank Agence Bongor\", \"address\": \"Bongor, Chad\"}\n",
    "]\n",
    "\n",
    "# Define Coris Bank agency data\n",
    "agencies_coris = [\n",
    "    {\"name\": \"Coris Bank Agence VIP\", \"address\": \"Avenue Charles de Gaulle, N'Djamena, Chad\"},\n",
    "    {\"name\": \"Coris Bank Agence Rue de 40M\", \"address\": \"Rue de 40m, N'Djamena, Chad\"},\n",
    "    {\"name\": \"Coris Bank Agence Centrale\", \"address\": \"Avenue Charles de Gaulle, N'Djamena, Chad\"},\n",
    "    {\"name\": \"Coris Bank Agence Chagoua\", \"address\": \"Chagoua, N'Djamena, Chad\"},\n",
    "    {\"name\": \"Coris Bank Agence El Niméry\", \"address\": \"Avenue Nimery, N'Djamena, Chad\"},\n",
    "    {\"name\": \"Coris Bank Agence Farcha\", \"address\": \"Farcha, N'Djamena, Chad\"},\n",
    "    {\"name\": \"Coris Bank Agence Hamama\", \"address\": \"Hamama, N'Djamena, Chad\"},\n",
    "    {\"name\": \"Coris Bank Agence Kabalaye\", \"address\": \"Kabalaye, N'Djamena, Chad\"},\n",
    "    {\"name\": \"Coris Bank Agence Abéché\", \"address\": \"Abéché, Chad\"},\n",
    "    {\"name\": \"Coris Bank Agence Mongo\", \"address\": \"Mongo, Chad\"},\n",
    "    {\"name\": \"Coris Bank Agence Doba\", \"address\": \"Doba, Chad\"},\n",
    "    {\"name\": \"Coris Bank Agence Moundou\", \"address\": \"Moundou, Chad\"},\n",
    "    {\"name\": \"Coris Bank Agence Sarh\", \"address\": \"Sarh, Chad\"}\n",
    "]\n",
    "\n",
    "# Define UBA agency data\n",
    "agencies_uba = [\n",
    "    {\"name\": \"UBA Agence principale\", \"address\": \"Avenue Charles de Gaulle, N'Djamena, Chad\"},\n",
    "    {\"name\": \"UBA Agence Farcha\", \"address\": \"Farcha, N'Djamena, Chad\"},\n",
    "    {\"name\": \"UBA Agence Sabangali\", \"address\": \"Sabangali, N'Djamena, Chad\"},\n",
    "    {\"name\": \"UBA Agence Dembé\", \"address\": \"Dembé, N'Djamena, Chad\"},\n",
    "    {\"name\": \"UBA Agence Ndjari\", \"address\": \"Ndjari, N'Djamena, Chad\"},\n",
    "    {\"name\": \"UBA Agence Gassi\", \"address\": \"Gassi, N'Djamena, Chad\"}\n",
    "]\n",
    "\n",
    "# Define BAC agency data\n",
    "agencies_bac = [\n",
    "    {\"name\": \"BAC Agence principale\", \"address\": \"Avenue Charles de Gaulle, N'Djamena, Chad\"},\n",
    "]\n",
    "\n",
    "# Define BCC agency data\n",
    "agencies_bcc = [\n",
    "    {\"name\": \"BCC Agence principale\", \"address\": \"Avenue Charles de Gaulle, N'Djamena, Chad\"},\n",
    "    {\"name\": \"BCC Agence Rue de 40\", \"address\": \"Rue de 40m, N'Djamena, Chad\"},\n",
    "    {\"name\": \"BCC Agence Al Yousr\", \"address\": \"Avenue Nimery, N'Djamena, Chad\"},\n",
    "    {\"name\": \"BCC Agence Hamama\", \"address\": \"Hamama, N'Djamena, Chad\"},\n",
    "    {\"name\": \"BCC Agence Ambassatna\", \"address\": \"Ambassatna, N'Djamena, Chad\"},\n",
    "    {\"name\": \"BCC Agence Tiné\", \"address\": \"Tiné, Chad\"},\n",
    "    {\"name\": \"BCC Agence Moundou\", \"address\": \"Moundou, Chad\"},\n",
    "    {\"name\": \"BCC Agence Abéché\", \"address\": \"Abéché, Chad\"}\n",
    "]\n",
    "\n",
    "# Define CBT agency data\n",
    "agencies_cbt = [\n",
    "    {\"name\": \"CBT Agence principale\", \"address\": \"Avenue Charles de Gaulle, N'Djamena, Chad\"},\n",
    "    {\"name\": \"CBT Agence Rue de 40\", \"address\": \"Rue de 40m, N'Djamena, Chad\"},\n",
    "    {\"name\": \"CBT Agence Al Yousr\", \"address\": \"Avenue Nimery, N'Djamena, Chad\"},\n",
    "    {\"name\": \"CBT Agence Aéroport\", \"address\": \"Aéroport, N'Djamena, Chad\"},\n",
    "    {\"name\": \"CBT Agence Ngueli\", \"address\": \"Ngueli, N'Djamena, Chad\"},\n",
    "    {\"name\": \"CBT Agence Moundou\", \"address\": \"Moundou, Chad\"},\n",
    "    {\"name\": \"CBT Agence Abéché\", \"address\": \"Abéché, Chad\"}\n",
    "]\n",
    "\n",
    "# Define BSIC agency data\n",
    "agencies_bsic = [\n",
    "    {\"name\": \"BSIC Agence principale\", \"address\": \"Avenue Charles de Gaulle, N'Djamena, Chad\"},\n",
    "    {\"name\": \"BSIC Agence Habbena\", \"address\": \"N'Djamena, Chad\"},\n",
    "    {\"name\": \"BSIC Agence Maldom Bada\", \"address\": \"Avenue Nimery, N'Djamena, Chad\"},\n",
    "    {\"name\": \"BSIC Agence Marché à Mil\", \"address\": \"N'Djamena, Chad\"},\n",
    "    {\"name\": \"BSIC Agence CDG\", \"address\": \"Avenue Charles de Gaulle, N'Djamena, Chad\"},\n",
    "    {\"name\": \"BSIC Agence Dembé\", \"address\": \"Dembé, N'Djamena, Chad\"},\n",
    "    {\"name\": \"BSIC Agence Abéché\", \"address\": \"Abéché, Chad\"},\n",
    "    {\"name\": \"BSIC Agence Bol\", \"address\": \"Bol, Chad\"},\n",
    "    {\"name\": \"BSIC Agence Mao\", \"address\": \"Mao, Chad\"},\n",
    "    {\"name\": \"BSIC Agence Moundou\", \"address\": \"Moundou, Chad\"}\n",
    "]\n",
    "\n",
    "# Define BHT agency data\n",
    "agencies_bht = [\n",
    "    {\"name\": \"BHT Agence principale\", \"address\": \"Avenue Charles de Gaulle, N'Djamena, Chad\"}\n",
    "]\n",
    "\n",
    "# Define Attijari agency data\n",
    "agencies_attijari = [\n",
    "    {\"name\": \"Attijari Agence principale\", \"address\": \"Avenue Charles de Gaulle, N'Djamena, Chad\"}\n",
    "]"
   ]
  },
  {
   "cell_type": "code",
   "execution_count": 16,
   "metadata": {},
   "outputs": [],
   "source": [
    "# Define the mapping of cities to their regions\n",
    "city_to_region = {\n",
    "    \"N'Djamena\": \"N'Djamena\",\n",
    "    \"Abéché\": \"Ouaddaï\",\n",
    "    \"Moundou\": \"Logone Occidental\",\n",
    "    \"Sarh\": \"Moyen-Chari\",\n",
    "    \"Am Timan\": \"Salamat\",\n",
    "    \"Pala\": \"Mayo-Kebbi Ouest\",\n",
    "    \"Mongo\": \"Guéra\",\n",
    "    \"Doba\": \"Logone Oriental\",\n",
    "    \"Bongor\": \"Mayo-Kebbi Est\",\n",
    "    \"Tiné\": \"Wadi Fira\",\n",
    "    \"Bol\": \"Lac\",\n",
    "    \"Mao\": \"Kanem\",\n",
    "    \"Moussoro\": \"Barh-El-Gazel\",\n",
    "    \"Ati\": \"Batha\",\n",
    "    \"Faya-Largeau\": \"Borkou\",\n",
    "    \"Massenya\": \"Chari-Baguirmi\",\n",
    "    \"Am-Djarass\": \"Ennedi Est\",\n",
    "    \"Fada\": \"Ennedi Ouest\",\n",
    "    \"Massakory\": \"Hadjer-Lamis\",\n",
    "    \"Koumra\": \"Mandoul\",\n",
    "    \"Goz Beïda\": \"Sila\",\n",
    "    \"Kélo\": \"Tandjilé\",\n",
    "    \"Bardaï\": \"Tibesti\",\n",
    "}\n"
   ]
  },
  {
   "cell_type": "code",
   "execution_count": 23,
   "metadata": {},
   "outputs": [],
   "source": [
    "#dictionnary of the area of the different regions\n",
    "\n",
    "area_regions = {\n",
    "    \"N'Djamena\": 21.8,\n",
    "    \"Ouaddaï\": 76.8,\n",
    "    \"Logone Occidental\": 40.2,\n",
    "    \"Moyen-Chari\": 40.3,\n",
    "    \"Salamat\": 53.3,\n",
    "    \"Mayo-Kebbi Ouest\": 30.7,\n",
    "    \"Guéra\": 18.9,\n",
    "    \"Logone Oriental\": 27.0,\n",
    "    \"Mayo-Kebbi Est\": 29.7,\n",
    "    \"Wadi Fira\": 61.3,\n",
    "    \"Lac\": 23.3,\n",
    "    \"Kanem\": 155.4,\n",
    "    \"Barh-El-Gazel\": 86.2,\n",
    "    \"Batha\": 64.7,\n",
    "    \"Borkou\": 61.3,\n",
    "    \"Chari-Baguirmi\": 44.9,\n",
    "    \"Ennedi Est\": 61.0,\n",
    "    \"Ennedi Ouest\": 96.7,\n",
    "    \"Hadjer-Lamis\": 16.1,\n",
    "    \"Mandoul\": 22.1,\n",
    "    \"Sila\": 25.5,\n",
    "    \"Tandjilé\": 11.9,\n",
    "    \"Tibesti\": 153.4,\n",
    "}"
   ]
  },
  {
   "cell_type": "code",
   "execution_count": null,
   "metadata": {},
   "outputs": [],
   "source": []
  },
  {
   "cell_type": "code",
   "execution_count": 21,
   "metadata": {},
   "outputs": [
    {
     "name": "stdout",
     "output_type": "stream",
     "text": [
      "Branch Matrix:\n",
      "[[0 0 0 1 0 0 1 1 0 0 4 0 0 0 1 0 0 0 0 1 0 1 0]\n",
      " [0 1 0 1 0 0 1 1 0 0 5 0 0 0 0 1 0 0 0 0 0 1 0]\n",
      " [0 0 0 0 0 0 1 1 0 0 8 0 0 0 1 1 0 0 0 0 0 1 0]\n",
      " [0 0 0 0 0 0 0 0 0 0 6 0 0 0 0 0 0 0 0 0 0 0 0]\n",
      " [0 0 0 0 0 0 0 0 0 0 1 0 0 0 0 0 0 0 0 0 0 0 0]\n",
      " [0 0 1 0 0 0 0 1 0 0 5 0 0 0 0 0 0 0 0 0 0 1 0]\n",
      " [0 0 0 0 0 0 0 1 0 0 5 0 0 0 0 0 0 0 0 0 0 1 0]\n",
      " [0 0 0 0 0 0 0 1 0 0 6 1 0 0 0 0 0 1 0 0 0 1 0]\n",
      " [0 0 0 0 0 0 0 0 0 0 1 0 0 0 0 0 0 0 0 0 0 0 0]\n",
      " [0 0 0 0 0 0 0 0 0 0 1 0 0 0 0 0 0 0 0 0 0 0 0]]\n"
     ]
    }
   ],
   "source": [
    "# Compile all agency data into a single structure\n",
    "all_agencies = {\n",
    "    \"Orabank\": agencies_orabank,\n",
    "    \"Ecobank\": agencies_ecobank,\n",
    "    \"Coris Bank\": agencies_coris,\n",
    "    \"UBA\": agencies_uba,\n",
    "    \"BAC\": agencies_bac,\n",
    "    \"BCC\": agencies_bcc,\n",
    "    \"CBT\": agencies_cbt,\n",
    "    \"BSIC\": agencies_bsic,\n",
    "    \"BHT\": agencies_bht,\n",
    "    \"Attijari\": agencies_attijari,\n",
    "}\n",
    "\n",
    "# Initialize the matrix with zeros for each region\n",
    "branch_matrix = {bank: {region: 0 for region in set(city_to_region.values())} for bank in all_agencies.keys()}\n",
    "\n",
    "# Populate the matrix with branch counts based on city-to-region mapping\n",
    "for bank, agencies in all_agencies.items():\n",
    "    for agency in agencies:\n",
    "        # Extract the city from the agency's address\n",
    "        # Assuming city is the first part of the address before the comma\n",
    "        city = agency[\"address\"].split(\",\")[-2].strip()\n",
    "        \n",
    "        # Check if the city is in the mapping\n",
    "        if city in city_to_region:\n",
    "            region = city_to_region[city]\n",
    "            branch_matrix[bank][region] += 1\n",
    "        else:\n",
    "            print(f\"City not found in mapping for agency: {agency['name']} - {agency['address']}\")\n",
    "\n",
    "\n",
    "\n",
    "# Define the banks and regions\n",
    "banks = list(all_agencies.keys())  # Get the list of banks\n",
    "regions = list(city_to_region.values())  # Get the list of unique regions\n",
    "\n",
    "# Create a mapping for banks and regions to indices\n",
    "bank_indices = {bank: idx for idx, bank in enumerate(banks)}\n",
    "region_indices = {region: idx for idx, region in enumerate(set(regions))}\n",
    "\n",
    "# Initialize the NumPy array with zeros\n",
    "branch_matrix = np.zeros((len(banks), len(region_indices)), dtype=int)\n",
    "\n",
    "# Fill the branch matrix with counts\n",
    "for bank, agencies in all_agencies.items():\n",
    "    for agency in agencies:\n",
    "        # Extract the city from the agency's address\n",
    "        city = agency[\"address\"].split(\",\")[-2].strip()\n",
    "        if city in city_to_region:\n",
    "            region = city_to_region[city]\n",
    "            # Increment the branch count for the respective bank and region\n",
    "            branch_matrix[bank_indices[bank], region_indices[region]] += 1\n",
    "        else:\n",
    "            print(f\"City not found in mapping for agency: {agency['name']} - {agency['address']}\")\n",
    "\n",
    "# Now branch_matrix contains the counts\n",
    "print(\"Branch Matrix:\")\n",
    "print(branch_matrix)\n"
   ]
  },
  {
   "cell_type": "code",
   "execution_count": 19,
   "metadata": {},
   "outputs": [],
   "source": [
    "distances={\"N'Djamena\": {'Abéché': 654.2560670210189, 'Moundou': 410.70377788312476, 'Sarh': 493.1279663830866, 'Am Timan': 582.4578962460926, 'Pala': 306.4909676503545, 'Mongo': 395.08504565320175, 'Doba': 432.3372447133508, 'Bongor': 207.30198848148913, 'Tiné': 897.216892424752, 'Bol': 154.30519495055103, 'Mao': 224.64313298692068, 'Moussoro': 492.8337447591511, 'Ati': 377.00008357013365, 'Faya-Largeau': 777.632824032352, 'Massenya': 145.75585823272175, 'Am-Djarass': 947.1669798561358, 'Fada': 900.8465254021704, 'Massakory': 122.6309133714496, 'Koumra': 448.5119730730808, 'Goz Beïda': 691.3742146107828, 'Kélo': 322.187852469485, 'Bardaï': 1047.704757206416}, 'Abéché': {\"N'Djamena\": 654.2560670210188, 'Moundou': 781.7755786754406, 'Sarh': 584.8070502505899, 'Am Timan': 315.66629346060347, 'Pala': 813.3351459770988, 'Mongo': 295.5816392735892, 'Doba': 719.7786247668054, 'Bongor': 712.3965437994094, 'Tiné': 250.19971330907484, 'Bol': 661.8412552255138, 'Mao': 596.2506846257811, 'Moussoro': 706.9478553057605, 'Ati': 277.62446314982304, 'Faya-Largeau': 491.3904221499436, 'Massenya': 572.6637449108692, 'Am-Djarass': 329.2589465248401, 'Fada': 382.7701515990653, 'Massakory': 558.6104207793554, 'Koumra': 652.5150156089129, 'Goz Beïda': 189.00124777462594, 'Kélo': 743.919862628139, 'Bardaï': 929.9477766194051}, 'Moundou': {\"N'Djamena\": 410.7037778831248, 'Abéché': 781.7755786754406, 'Sarh': 262.7954698552767, 'Am Timan': 536.9586147443111, 'Pala': 155.81452139327573, 'Mongo': 493.36410943933515, 'Doba': 86.38733296468091, 'Bongor': 205.80108920111297, 'Tiné': 1025.0243364723315, 'Bol': 564.9185846268163, 'Mao': 623.5849823605139, 'Moussoro': 155.70604137997805, 'Ati': 572.8806120971147, 'Faya-Largeau': 1090.3501283241642, 'Massenya': 315.7372950495823, 'Am-Djarass': 1110.9658881845519, 'Fada': 1129.583901081106, 'Massakory': 494.096021508258, 'Koumra': 166.69406841088255, 'Goz Beïda': 711.4297745029241, 'Kélo': 88.94651299501336, 'Bardaï': 1425.590476435497}, 'Sarh': {\"N'Djamena\": 493.1279663830866, 'Abéché': 584.8070502505899, 'Moundou': 262.79546985527674, 'Am Timan': 295.5371261198269, 'Pala': 383.19302174599926, 'Mongo': 339.91859923739435, 'Doba': 177.44061240269514, 'Bongor': 354.72704117964554, 'Tiné': 810.6309158900024, 'Bol': 626.3901982762018, 'Mao': 647.7971132229867, 'Moussoro': 131.07949795388, 'Ati': 452.8161647792554, 'Faya-Largeau': 979.2590214025195, 'Massenya': 349.84416701160643, 'Am-Djarass': 908.2894903993173, 'Fada': 959.478062427131, 'Massakory': 517.6688316100827, 'Koumra': 96.11974421970075, 'Goz Beïda': 475.6792210494517, 'Kélo': 286.75823545966614, 'Bardaï': 1366.332938692875}, 'Am Timan': {\"N'Djamena\": 582.4578962460926, 'Abéché': 315.6662934606035, 'Moundou': 536.958614744311, 'Sarh': 295.53712611982684, 'Pala': 616.7065832130876, 'Mongo': 215.6591641975576, 'Doba': 459.50869553273503, 'Bongor': 543.2580975410564, 'Tiné': 520.1734886122028, 'Bol': 662.4995015646708, 'Mao': 639.2346529140144, 'Moussoro': 426.1187906763102, 'Ati': 320.9211697978036, 'Faya-Largeau': 775.7553629781568, 'Massenya': 450.16911782477905, 'Am-Djarass': 623.2830151391615, 'Fada': 698.3991813492783, 'Massakory': 540.319122606155, 'Koumra': 381.17772711781686, 'Goz Beïda': 180.19267698071272, 'Kélo': 528.1194414918028, 'Bardaï': 1199.1864902734003}, 'Pala': {\"N'Djamena\": 306.4909676503545, 'Abéché': 813.3351459770988, 'Moundou': 155.8145213932756, 'Sarh': 383.19302174599926, 'Am Timan': 616.7065832130876, 'Mongo': 517.8237874406382, 'Doba': 227.5250798441216, 'Bongor': 113.65581695520872, 'Tiné': 1062.9393765230614, 'Bol': 456.54829214633486, 'Mao': 530.7686374302557, 'Moussoro': 302.4838567191849, 'Ati': 568.107428742824, 'Faya-Largeau': 1053.0713365087242, 'Massenya': 265.25876404829813, 'Am-Djarass': 1137.099471125091, 'Fada': 1130.3752586219152, 'Massakory': 413.57261019036207, 'Koumra': 293.85775624086807, 'Goz Beïda': 777.8740076159946, 'Kélo': 96.43484640907224, 'Bardaï': 1351.7165067926326}, 'Mongo': {\"N'Djamena\": 395.08504565320175, 'Abéché': 295.58163927358913, 'Moundou': 493.36410943933515, 'Sarh': 339.91859923739435, 'Am Timan': 215.65916419755766, 'Pala': 517.8237874406382, 'Doba': 440.1058141096597, 'Bongor': 418.6842156521812, 'Tiné': 545.1533815195935, 'Bol': 453.4354437529401, 'Mao': 424.1366678420644, 'Moussoro': 442.5294107741928, 'Ati': 120.29566473990327, 'Faya-Largeau': 639.4143358725305, 'Massenya': 286.91044983230927, 'Am-Djarass': 621.7552962730532, 'Fada': 638.1433692217266, 'Massakory': 332.5557341787414, 'Koumra': 383.7474130854938, 'Goz Beïda': 296.2958819101765, 'Kélo': 449.49774433929963, 'Bardaï': 1035.329683579614}, 'Doba': {\"N'Djamena\": 432.33724471335097, 'Abéché': 719.7786247668053, 'Moundou': 86.38733296468091, 'Sarh': 177.44061240269505, 'Am Timan': 459.50869553273515, 'Pala': 227.52507984412154, 'Mongo': 440.10581410965955, 'Bongor': 242.86729546066397, 'Tiné': 958.5500134303506, 'Bol': 583.3969983833604, 'Mao': 630.4246897885397, 'Moussoro': 75.06416673121673, 'Ati': 531.6491193116369, 'Faya-Largeau': 1057.9683712149895, 'Massenya': 314.1324676323274, 'Am-Djarass': 1048.6815520131447, 'Fada': 1078.1411001319238, 'Massakory': 497.5184603807417, 'Koumra': 81.54360986046662, 'Goz Beïda': 636.7279928614134, 'Kélo': 137.92368707417765, 'Bardaï': 1411.792160889918}, 'Bongor': {\"N'Djamena\": 207.3019884814891, 'Abéché': 712.3965437994094, 'Moundou': 205.8010892011131, 'Sarh': 354.72704117964554, 'Am Timan': 543.2580975410564, 'Pala': 113.65581695520878, 'Mongo': 418.6842156521812, 'Doba': 242.86729546066388, 'Tiné': 962.586926041432, 'Bol': 361.4065951209584, 'Mao': 427.2377949480842, 'Moussoro': 312.8414269483149, 'Ati': 458.9303884317078, 'Faya-Largeau': 939.4545400794342, 'Massenya': 152.31794034517836, 'Am-Djarass': 1032.497609727118, 'Fada': 1019.7456453653923, 'Massakory': 304.46374312627097, 'Koumra': 282.66645957704156, 'Goz Beïda': 693.1013780753144, 'Kélo': 116.8894319087429, 'Bardaï': 1243.5263356637638}, 'Tiné': {\"N'Djamena\": 897.216892424752, 'Abéché': 250.19971330907495, 'Moundou': 1025.0243364723312, 'Sarh': 810.6309158900024, 'Am Timan': 520.1734886122031, 'Pala': 1062.9393765230614, 'Mongo': 545.1533815195933, 'Doba': 958.5500134303509, 'Bongor': 962.586926041432, 'Bol': 887.8543685972884, 'Mao': 811.5667470446141, 'Moussoro': 938.104075210514, 'Ati': 521.0062872275907, 'Faya-Largeau': 509.023144179768, 'Massenya': 822.2326391594833, 'Am-Djarass': 115.66019171839797, 'Fada': 273.521351584841, 'Massakory': 794.3257322099668, 'Koumra': 886.9272580329856, 'Goz Beïda': 345.54428818563525, 'Kélo': 991.5652815321195, 'Bardaï': 932.3199809097401}, 'Bol': {\"N'Djamena\": 154.30519495055088, 'Abéché': 661.8412552255137, 'Moundou': 564.9185846268163, 'Sarh': 626.3901982762018, 'Am Timan': 662.4995015646707, 'Pala': 456.5482921463347, 'Mongo': 453.4354437529401, 'Doba': 583.3969983833606, 'Bongor': 361.4065951209583, 'Tiné': 887.8543685972884, 'Mao': 97.28984369175578, 'Moussoro': 640.5504321940047, 'Ati': 393.25599962724334, 'Faya-Largeau': 681.9080354673486, 'Massenya': 278.8106972707882, 'Am-Djarass': 919.5894280075, 'Fada': 844.7497886898849, 'Massakory': 122.2559475986469, 'Koumra': 592.7029798510799, 'Goz Beïda': 738.8833891080812, 'Kélo': 476.4795321078271, 'Bardaï': 909.8857209459118}, 'Mao': {\"N'Djamena\": 224.64313298692068, 'Abéché': 596.2506846257811, 'Moundou': 623.5849823605139, 'Sarh': 647.7971132229867, 'Am Timan': 639.2346529140144, 'Pala': 530.7686374302557, 'Mongo': 424.1366678420643, 'Doba': 630.4246897885398, 'Bongor': 427.2377949480843, 'Tiné': 811.566747044614, 'Bol': 97.28984369175575, 'Moussoro': 680.3456259403464, 'Ati': 342.5629955978605, 'Faya-Largeau': 584.656426913094, 'Massenya': 316.54648486860214, 'Am-Djarass': 836.0924116120528, 'Fada': 753.045871551426, 'Massakory': 133.4298696094592, 'Koumra': 627.9082217071324, 'Goz Beïda': 693.2136834471564, 'Kélo': 537.3430526572031, 'Bardaï': 823.7483895847574}, 'Moussoro': {\"N'Djamena\": 492.8337447591511, 'Abéché': 706.9478553057604, 'Moundou': 155.70604137997805, 'Sarh': 131.07949795387998, 'Am Timan': 426.1187906763103, 'Pala': 302.483856719185, 'Mongo': 442.5294107741928, 'Doba': 75.06416673121677, 'Bongor': 312.84142694831496, 'Tiné': 938.104075210514, 'Bol': 640.5504321940047, 'Mao': 680.3456259403466, 'Ati': 544.9271612413671, 'Faya-Largeau': 1074.6156726214922, 'Massenya': 364.77318268965917, 'Am-Djarass': 1033.326937087728, 'Fada': 1075.4851466036896, 'Massakory': 546.9198708716601, 'Koumra': 59.8028597143706, 'Goz Beïda': 606.0660861615914, 'Kélo': 212.50807928223895, 'Bardaï': 1443.0406200498237}, 'Ati': {\"N'Djamena\": 377.00008357013365, 'Abéché': 277.62446314982304, 'Moundou': 572.8806120971146, 'Sarh': 452.8161647792554, 'Am Timan': 320.9211697978036, 'Pala': 568.1074287428239, 'Mongo': 120.29566473990332, 'Doba': 531.6491193116367, 'Bongor': 458.9303884317078, 'Tiné': 521.0062872275909, 'Bol': 393.2559996272434, 'Mao': 342.5629955978605, 'Moussoro': 544.9271612413671, 'Faya-Largeau': 529.7623493017803, 'Massenya': 309.7266343807031, 'Am-Djarass': 578.383639178653, 'Fada': 562.8811361086541, 'Massakory': 283.11547163931004, 'Koumra': 485.1875402671546, 'Goz Beïda': 350.6538384230686, 'Kélo': 515.2022364312154, 'Bardaï': 916.4655035043642}, 'Faya-Largeau': {\"N'Djamena\": 777.6328240323521, 'Abéché': 491.39042214994345, 'Moundou': 1090.3501283241644, 'Sarh': 979.2590214025195, 'Am Timan': 775.7553629781565, 'Pala': 1053.0713365087245, 'Mongo': 639.4143358725304, 'Doba': 1057.9683712149897, 'Bongor': 939.4545400794344, 'Tiné': 509.0231441797678, 'Bol': 681.9080354673486, 'Mao': 584.6564269130943, 'Moussoro': 1074.6156726214922, 'Ati': 529.7623493017803, 'Massenya': 789.9360631557086, 'Am-Djarass': 447.9492125124293, 'Fada': 275.69823992172064, 'Massakory': 655.3165045030663, 'Koumra': 1014.8448443967036, 'Goz Beïda': 680.2735966611717, 'Kélo': 1021.5623055256151, 'Bardaï': 440.3582739156148}, 'Massenya': {\"N'Djamena\": 145.7558582327218, 'Abéché': 572.6637449108691, 'Moundou': 315.7372950495824, 'Sarh': 349.8441670116066, 'Am Timan': 450.16911782477905, 'Pala': 265.25876404829813, 'Mongo': 286.9104498323092, 'Doba': 314.13246763232746, 'Bongor': 152.3179403451784, 'Tiné': 822.2326391594833, 'Bol': 278.8106972707883, 'Mao': 316.5464848686022, 'Moussoro': 364.77318268965917, 'Ati': 309.7266343807031, 'Faya-Largeau': 789.9360631557083, 'Am-Djarass': 886.8313881871129, 'Fada': 868.23986361398, 'Massakory': 183.4093859920764, 'Koumra': 314.6269439840946, 'Goz Beïda': 577.3991843544767, 'Kélo': 236.15914340909018, 'Bardaï': 1110.0873509312762}, 'Am-Djarass': {\"N'Djamena\": 947.1669798561358, 'Abéché': 329.25894652483987, 'Moundou': 1110.965888184552, 'Sarh': 908.2894903993171, 'Am Timan': 623.2830151391613, 'Pala': 1137.099471125091, 'Mongo': 621.755296273053, 'Doba': 1048.6815520131447, 'Bongor': 1032.4976097271183, 'Tiné': 115.66019171839801, 'Bol': 919.5894280075003, 'Mao': 836.0924116120528, 'Moussoro': 1033.3269370877279, 'Ati': 578.3836391786531, 'Faya-Largeau': 447.9492125124294, 'Massenya': 886.831388187113, 'Fada': 183.13879837552133, 'Massakory': 836.8822287639754, 'Koumra': 980.1029939258043, 'Goz Beïda': 453.8491747963023, 'Kélo': 1071.2425211182765, 'Bardaï': 850.3104863298968}, 'Fada': {\"N'Djamena\": 900.8465254021704, 'Abéché': 382.7701515990651, 'Moundou': 1129.5839010811062, 'Sarh': 959.4780624271309, 'Am Timan': 698.399181349278, 'Pala': 1130.3752586219152, 'Mongo': 638.1433692217266, 'Doba': 1078.1411001319238, 'Bongor': 1019.7456453653921, 'Tiné': 273.5213515848411, 'Bol': 844.7497886898849, 'Mao': 753.045871551426, 'Moussoro': 1075.4851466036894, 'Ati': 562.881136108654, 'Faya-Largeau': 275.69823992172064, 'Massenya': 868.2398636139803, 'Am-Djarass': 183.1387983755213, 'Massakory': 781.967448499689, 'Koumra': 1018.3249977604953, 'Goz Beïda': 552.6642104058476, 'Kélo': 1077.1420437039224, 'Bardaï': 667.2316707315963}, 'Massakory': {\"N'Djamena\": 122.63091337144967, 'Abéché': 558.6104207793554, 'Moundou': 494.09602150825805, 'Sarh': 517.6688316100826, 'Am Timan': 540.319122606155, 'Pala': 413.572610190362, 'Mongo': 332.55573417874143, 'Doba': 497.5184603807416, 'Bongor': 304.4637431262709, 'Tiné': 794.3257322099668, 'Bol': 122.25594759864687, 'Mao': 133.42986960945922, 'Moussoro': 546.91987087166, 'Ati': 283.11547163931004, 'Faya-Largeau': 655.3165045030661, 'Massenya': 183.40938599207632, 'Am-Djarass': 836.8822287639754, 'Fada': 781.9674484996892, 'Koumra': 494.699449788411, 'Goz Beïda': 621.7555224942166, 'Kélo': 409.5684891102041, 'Bardaï': 939.0728698245164}, 'Koumra': {\"N'Djamena\": 448.5119730730809, 'Abéché': 652.515015608913, 'Moundou': 166.69406841088258, 'Sarh': 96.11974421970072, 'Am Timan': 381.177727117817, 'Pala': 293.85775624086807, 'Mongo': 383.747413085494, 'Doba': 81.54360986046659, 'Bongor': 282.6664595770416, 'Tiné': 886.9272580329857, 'Bol': 592.7029798510799, 'Mao': 627.9082217071324, 'Moussoro': 59.80285971437074, 'Ati': 485.1875402671546, 'Faya-Largeau': 1014.8448443967036, 'Massenya': 314.6269439840946, 'Am-Djarass': 980.1029939258041, 'Fada': 1018.3249977604953, 'Massakory': 494.69944978841096, 'Goz Beïda': 559.7999155144119, 'Kélo': 198.23843137095014, 'Bardaï': 1384.068096127482}, 'Goz Beïda': {\"N'Djamena\": 691.3742146107828, 'Abéché': 189.00124777462585, 'Moundou': 711.4297745029241, 'Sarh': 475.67922104945166, 'Am Timan': 180.19267698071258, 'Pala': 777.8740076159946, 'Mongo': 296.2958819101765, 'Doba': 636.7279928614134, 'Bongor': 693.1013780753144, 'Tiné': 345.5442881856355, 'Bol': 738.8833891080812, 'Mao': 693.2136834471565, 'Moussoro': 606.0660861615914, 'Ati': 350.6538384230685, 'Faya-Largeau': 680.2735966611716, 'Massenya': 577.3991843544767, 'Am-Djarass': 453.84917479630235, 'Fada': 552.6642104058475, 'Massakory': 621.7555224942166, 'Koumra': 559.799915514412, 'Kélo': 694.3076590456853, 'Bardaï': 1118.1541838985706}, 'Kélo': {\"N'Djamena\": 322.187852469485, 'Abéché': 743.9198626281388, 'Moundou': 88.94651299501334, 'Sarh': 286.7582354596661, 'Am Timan': 528.119441491803, 'Pala': 96.43484640907224, 'Mongo': 449.49774433929963, 'Doba': 137.9236870741775, 'Bongor': 116.88943190874295, 'Tiné': 991.5652815321195, 'Bol': 476.4795321078269, 'Mao': 537.3430526572032, 'Moussoro': 212.50807928223898, 'Ati': 515.2022364312153, 'Faya-Largeau': 1021.5623055256153, 'Massenya': 236.15914340909018, 'Am-Djarass': 1071.2425211182765, 'Fada': 1077.1420437039224, 'Massakory': 409.568489110204, 'Koumra': 198.23843137095008, 'Goz Beïda': 694.3076590456855, 'Bardaï': 1345.2298732933796}, 'Bardaï': {\"N'Djamena\": 1047.7047572064157, 'Abéché': 929.9477766194051, 'Moundou': 1425.590476435497, 'Sarh': 1366.332938692875, 'Am Timan': 1199.1864902734005, 'Pala': 1351.7165067926326, 'Mongo': 1035.329683579614, 'Doba': 1411.7921608899178, 'Bongor': 1243.5263356637638, 'Tiné': 932.3199809097401, 'Bol': 909.8857209459118, 'Mao': 823.7483895847577, 'Moussoro': 1443.040620049824, 'Ati': 916.4655035043644, 'Faya-Largeau': 440.3582739156148, 'Massenya': 1110.0873509312762, 'Am-Djarass': 850.3104863298964, 'Fada': 667.2316707315964, 'Massakory': 939.0728698245166, 'Koumra': 1384.068096127482, 'Goz Beïda': 1118.1541838985706, 'Kélo': 1345.2298732933796}}"
   ]
  },
  {
   "cell_type": "code",
   "execution_count": 22,
   "metadata": {},
   "outputs": [
    {
     "name": "stdout",
     "output_type": "stream",
     "text": [
      "Distance Matrix:\n",
      "[[   0.          654.25606702  410.70377788  493.12796638  582.45789625\n",
      "   306.49096765  395.08504565  432.33724471  207.30198848  897.21689242\n",
      "   154.30519495  224.64313299  492.83374476  377.00008357  777.63282403\n",
      "   145.75585823  947.16697986  900.8465254   122.63091337  448.51197307\n",
      "   691.37421461  322.18785247 1047.70475721]\n",
      " [ 654.25606702    0.          781.77557868  584.80705025  315.66629346\n",
      "   813.33514598  295.58163927  719.77862477  712.3965438   250.19971331\n",
      "   661.84125523  596.25068463  706.94785531  277.62446315  491.39042215\n",
      "   572.66374491  329.25894652  382.7701516   558.61042078  652.51501561\n",
      "   189.00124777  743.91986263  929.94777662]\n",
      " [ 410.70377788  781.77557868    0.          262.79546986  536.95861474\n",
      "   155.81452139  493.36410944   86.38733296  205.8010892  1025.02433647\n",
      "   564.91858463  623.58498236  155.70604138  572.8806121  1090.35012832\n",
      "   315.73729505 1110.96588818 1129.58390108  494.09602151  166.69406841\n",
      "   711.4297745    88.946513   1425.59047644]\n",
      " [ 493.12796638  584.80705025  262.79546986    0.          295.53712612\n",
      "   383.19302175  339.91859924  177.4406124   354.72704118  810.63091589\n",
      "   626.39019828  647.79711322  131.07949795  452.81616478  979.2590214\n",
      "   349.84416701  908.2894904   959.47806243  517.66883161   96.11974422\n",
      "   475.67922105  286.75823546 1366.33293869]\n",
      " [ 582.45789625  315.66629346  536.95861474  295.53712612    0.\n",
      "   616.70658321  215.6591642   459.50869553  543.25809754  520.17348861\n",
      "   662.49950156  639.23465291  426.11879068  320.9211698   775.75536298\n",
      "   450.16911782  623.28301514  698.39918135  540.31912261  381.17772712\n",
      "   180.19267698  528.11944149 1199.18649027]\n",
      " [ 306.49096765  813.33514598  155.81452139  383.19302175  616.70658321\n",
      "     0.          517.82378744  227.52507984  113.65581696 1062.93937652\n",
      "   456.54829215  530.76863743  302.48385672  568.10742874 1053.07133651\n",
      "   265.25876405 1137.09947113 1130.37525862  413.57261019  293.85775624\n",
      "   777.87400762   96.43484641 1351.71650679]\n",
      " [ 395.08504565  295.58163927  493.36410944  339.91859924  215.6591642\n",
      "   517.82378744    0.          440.10581411  418.68421565  545.15338152\n",
      "   453.43544375  424.13666784  442.52941077  120.29566474  639.41433587\n",
      "   286.91044983  621.75529627  638.14336922  332.55573418  383.74741309\n",
      "   296.29588191  449.49774434 1035.32968358]\n",
      " [ 432.33724471  719.77862477   86.38733296  177.4406124   459.50869553\n",
      "   227.52507984  440.10581411    0.          242.86729546  958.55001343\n",
      "   583.39699838  630.42468979   75.06416673  531.64911931 1057.96837121\n",
      "   314.13246763 1048.68155201 1078.14110013  497.51846038   81.54360986\n",
      "   636.72799286  137.92368707 1411.79216089]\n",
      " [ 207.30198848  712.3965438   205.8010892   354.72704118  543.25809754\n",
      "   113.65581696  418.68421565  242.86729546    0.          962.58692604\n",
      "   361.40659512  427.23779495  312.84142695  458.93038843  939.45454008\n",
      "   152.31794035 1032.49760973 1019.74564537  304.46374313  282.66645958\n",
      "   693.10137808  116.88943191 1243.52633566]\n",
      " [ 897.21689242  250.19971331 1025.02433647  810.63091589  520.17348861\n",
      "  1062.93937652  545.15338152  958.55001343  962.58692604    0.\n",
      "   887.8543686   811.56674704  938.10407521  521.00628723  509.02314418\n",
      "   822.23263916  115.66019172  273.52135158  794.32573221  886.92725803\n",
      "   345.54428819  991.56528153  932.31998091]\n",
      " [ 154.30519495  661.84125523  564.91858463  626.39019828  662.49950156\n",
      "   456.54829215  453.43544375  583.39699838  361.40659512  887.8543686\n",
      "     0.           97.28984369  640.55043219  393.25599963  681.90803547\n",
      "   278.81069727  919.58942801  844.74978869  122.2559476   592.70297985\n",
      "   738.88338911  476.47953211  909.88572095]\n",
      " [ 224.64313299  596.25068463  623.58498236  647.79711322  639.23465291\n",
      "   530.76863743  424.13666784  630.42468979  427.23779495  811.56674704\n",
      "    97.28984369    0.          680.34562594  342.5629956   584.65642691\n",
      "   316.54648487  836.09241161  753.04587155  133.42986961  627.90822171\n",
      "   693.21368345  537.34305266  823.74838958]\n",
      " [ 492.83374476  706.94785531  155.70604138  131.07949795  426.11879068\n",
      "   302.48385672  442.52941077   75.06416673  312.84142695  938.10407521\n",
      "   640.55043219  680.34562594    0.          544.92716124 1074.61567262\n",
      "   364.77318269 1033.32693709 1075.4851466   546.91987087   59.80285971\n",
      "   606.06608616  212.50807928 1443.04062005]\n",
      " [ 377.00008357  277.62446315  572.8806121   452.81616478  320.9211698\n",
      "   568.10742874  120.29566474  531.64911931  458.93038843  521.00628723\n",
      "   393.25599963  342.5629956   544.92716124    0.          529.7623493\n",
      "   309.72663438  578.38363918  562.88113611  283.11547164  485.18754027\n",
      "   350.65383842  515.20223643  916.4655035 ]\n",
      " [ 777.63282403  491.39042215 1090.35012832  979.2590214   775.75536298\n",
      "  1053.07133651  639.41433587 1057.96837121  939.45454008  509.02314418\n",
      "   681.90803547  584.65642691 1074.61567262  529.7623493     0.\n",
      "   789.93606316  447.94921251  275.69823992  655.3165045  1014.8448444\n",
      "   680.27359666 1021.56230553  440.35827392]\n",
      " [ 145.75585823  572.66374491  315.73729505  349.84416701  450.16911782\n",
      "   265.25876405  286.91044983  314.13246763  152.31794035  822.23263916\n",
      "   278.81069727  316.54648487  364.77318269  309.72663438  789.93606316\n",
      "     0.          886.83138819  868.23986361  183.40938599  314.62694398\n",
      "   577.39918435  236.15914341 1110.08735093]\n",
      " [ 947.16697986  329.25894652 1110.96588818  908.2894904   623.28301514\n",
      "  1137.09947113  621.75529627 1048.68155201 1032.49760973  115.66019172\n",
      "   919.58942801  836.09241161 1033.32693709  578.38363918  447.94921251\n",
      "   886.83138819    0.          183.13879838  836.88222876  980.10299393\n",
      "   453.8491748  1071.24252112  850.31048633]\n",
      " [ 900.8465254   382.7701516  1129.58390108  959.47806243  698.39918135\n",
      "  1130.37525862  638.14336922 1078.14110013 1019.74564537  273.52135158\n",
      "   844.74978869  753.04587155 1075.4851466   562.88113611  275.69823992\n",
      "   868.23986361  183.13879838    0.          781.9674485  1018.32499776\n",
      "   552.66421041 1077.1420437   667.23167073]\n",
      " [ 122.63091337  558.61042078  494.09602151  517.66883161  540.31912261\n",
      "   413.57261019  332.55573418  497.51846038  304.46374313  794.32573221\n",
      "   122.2559476   133.42986961  546.91987087  283.11547164  655.3165045\n",
      "   183.40938599  836.88222876  781.9674485     0.          494.69944979\n",
      "   621.75552249  409.56848911  939.07286982]\n",
      " [ 448.51197307  652.51501561  166.69406841   96.11974422  381.17772712\n",
      "   293.85775624  383.74741309   81.54360986  282.66645958  886.92725803\n",
      "   592.70297985  627.90822171   59.80285971  485.18754027 1014.8448444\n",
      "   314.62694398  980.10299393 1018.32499776  494.69944979    0.\n",
      "   559.79991551  198.23843137 1384.06809613]\n",
      " [ 691.37421461  189.00124777  711.4297745   475.67922105  180.19267698\n",
      "   777.87400762  296.29588191  636.72799286  693.10137808  345.54428819\n",
      "   738.88338911  693.21368345  606.06608616  350.65383842  680.27359666\n",
      "   577.39918435  453.8491748   552.66421041  621.75552249  559.79991551\n",
      "     0.          694.30765905 1118.1541839 ]\n",
      " [ 322.18785247  743.91986263   88.946513    286.75823546  528.11944149\n",
      "    96.43484641  449.49774434  137.92368707  116.88943191  991.56528153\n",
      "   476.47953211  537.34305266  212.50807928  515.20223643 1021.56230553\n",
      "   236.15914341 1071.24252112 1077.1420437   409.56848911  198.23843137\n",
      "   694.30765905    0.         1345.22987329]\n",
      " [1047.70475721  929.94777662 1425.59047644 1366.33293869 1199.18649027\n",
